Skeletool Camera Calibration File V1.0
name          0
  sensor      10 10
  size        1024 1024
  animated    0
  intrinsic   752.6881 0 523.5678 0 0 752.8311 502.7037 0 0 0 1 0 0 0 0 1 
  extrinsic   -0.00292611 0.0130055 -0.9999111 -734.4974 0.07689132 -0.9969522 -0.013192 878.3344 -0.9970352 -0.07692309 0.001917182 3337.621 0 0 0 1 
  radial      0
name          1
  sensor      10 10
  size        1024 1024
  animated    0
  intrinsic   749.6663 0 506.3448 0 0 750.1611 511.628 0 0 0 1 0 0 0 0 1 
  extrinsic   -0.8264808 -0.000167839 0.5629649 450.3186 -0.08114627 -0.9895216 -0.119425 811.203 0.5570859 -0.1443849 0.817807 3583.21 0 0 0 1 
  radial      0
name          2
  sensor      10 10
  size        1024 1024
  animated    0
  intrinsic   751.704 0 507.0199 0 0 751.704 523.4631 0 0 0 1 0 0 0 0 1 
  extrinsic   -0.986458 -0.0286258 0.161497 423.8703 -0.0330523 -0.9297551 -0.366692 982.8838 0.1606495 -0.3670641 0.9162182 3692.802 0 0 0 1 
  radial      0
name          3
  sensor      10 10
  size        1024 1024
  animated    0
  intrinsic   749.0673 0 497.9925 0 0 749.0613 494.4513 0 0 0 1 0 0 0 0 1 
  extrinsic   0.581954 -0.0208238 -0.812955 338.4937 0.257403 -0.9435572 0.2084311 752.4762 -0.7714099 -0.3305544 -0.5437468 4710.592 0 0 0 1 
  radial      0
name          4
  sensor      10 10
  size        1024 1024
  animated    0
  intrinsic   750.8665 0 536.1693 0 0 748.8218 521.9804 0 0 0 1 0 0 0 0 1 
  extrinsic   0.9976359 0.05992809 0.0336354 -432.9419 0.0430765 -0.9266739 0.37339 796.8622 0.05354559 -0.3710583 -0.9270646 3312.939 0 0 0 1 
  radial      0
name          5
  sensor      10 10
  size        1024 1024
  animated    0
  intrinsic   749.0068 0 485.1304 0 0 749.4487 473.9419 0 0 0 1 0 0 0 0 1 
  extrinsic   0.9041583 0.05417161 0.4237491 -225.4726 0.03320591 -0.9978383 0.05671062 1027.49 0.4259052 -0.0372044 -0.9040026 3132.608 0 0 0 1 
  radial      0
name          6
  sensor      10 10
  size        1024 1024
  animated    0
  intrinsic   750.9668 0 504.6962 0 0 751.928 487.7036 0 0 0 1 0 0 0 0 1 
  extrinsic   -0.483795 -0.119279 -0.867015 -557.5902 0.3773201 -0.9222963 -0.08366072 354.3969 -0.7896658 -0.3676168 0.4912087 4555.966 0 0 0 1 
  radial      0
name          7
  sensor      10 10
  size        1024 1024
  animated    0
  intrinsic   760.1961 0 492.1394 0 0 757.2792 489.1042 0 0 0 1 0 0 0 0 1 
  extrinsic   0.1461741 -0.07908883 0.9860924 -516.1629 -0.4888122 -0.8723854 0.002490171 200.184 0.8600557 -0.482378 -0.1661797 4156.129 0 0 0 1 
  radial      0
name          8
  sensor      10 10
  size        1024 1024
  animated    0
  intrinsic   760.1961 0 491.6606 0 0 757.2792 480.0244 0 0 0 1 0 0 0 0 1 
  extrinsic   -0.026731 -0.05151911 0.9983142 297.1182 -0.123398 -0.990863 -0.0544386 676.4695 0.9919972 -0.1246452 0.02012941 3512.165 0 0 0 1 
  radial      0
name          9
  sensor      10 10
  size        1024 1024
  animated    0
  intrinsic   751.1654 0 499.5991 0 0 749.5639 515.8117 0 0 0 1 0 0 0 0 1 
  extrinsic   -0.8638277 -0.05181488 -0.5011158 121.3223 0.09211608 -0.9941728 -0.05599409 829.2746 -0.4952944 -0.09453007 0.8635669 3622.57 0 0 0 1 
  radial      0
name          10
  sensor      10 10
  size        1024 1024
  animated    0
  intrinsic   747.8036 0 503.5276 0 0 746.2094 515.3959 0 0 0 1 0 0 0 0 1 
  extrinsic   0.2268289 0.08869368 -0.9698877 214.1929 0.3325669 -0.9430417 -0.008460918 848.1276 -0.915395 -0.3206334 -0.2434057 3840.424 0 0 0 1 
  radial      0
name          11
  sensor      10 10
  size        1024 1024
  animated    0
  intrinsic   757.3401 0 489.4295 0 0 757.4462 475.7809 0 0 0 1 0 0 0 0 1 
  extrinsic   -0.2555641 -0.02085161 0.9665672 982.6238 -0.1860181 -0.9800264 -0.07032562 1287.799 0.9487277 -0.1977717 0.2465807 4140.605 0 0 0 1 
  radial      0
name          12
  sensor      10 10
  size        1024 1024
  animated    0
  intrinsic   751.2628 0 512.389 0 0 750.7196 523.7189 0 0 0 1 0 0 0 0 1 
  extrinsic   0.9106099 -0.0144887 -0.413013 -1059.058 0.0089998 -0.998453 0.0548692 958.9996 -0.413169 -0.05368147 -0.9090708 3753.409 0 0 0 1 
  radial      0
name          13
  sensor      10 10
  size        1024 1024
  animated    0
  intrinsic   751.6519 0 492.7322 0 0 751.7195 488.3001 0 0 0 1 0 0 0 0 1 
  extrinsic   0.6505291 -0.0116405 0.7593921 -21.11816 -0.1474011 -0.9828054 0.111205 1297.855 0.7450402 -0.1842773 -0.6410593 4650.586 0 0 0 1 
  radial      0
